校时
03 01 01 13 32 30 31 38 2E 30 39 2E 32 33 2C 31 35 3A 34 31 3A 30 31 3F
下载数据
03 03 01 08 01 00 D0 EC C1 E8 B7 E5 4F 
03 04 01 08 01 00 31 20 B8 DF BC B6 73 
03 05 01 10 01 00 04 30 30 30 30 32 30 31 30 31 31 31 38 34 33 1F 
03 03 01 06 02 00 D5 C5 C8 FD 20 
03 04 01 08 02 00 31 20 B8 DF BC B6 70 
03 05 01 10 02 00 04 30 30 30 30 32 30 31 30 31 31 31 38 34 30 1F 
03 03 01 06 01 20 C0 EE CB C4 07 
03 04 01 08 01 20 31 20 D6 D0 BC B6 32 
03 05 01 10 01 20 04 30 30 30 30 32 30 31 30 31 31 31 33 30 30 33 
03 03 01 06 01 40 CD F5 CE E5 55 
03 04 01 08 01 40 31 20 D6 D0 BC B6 52 
03 05 01 10 01 40 04 30 30 30 30 32 30 31 30 31 31 31 30 30 31 51 
03 03 01 08 01 04 CC C6 C8 FD C9 D9 23 
03 04 01 08 01 04 31 20 B8 DF BC B6 77 
03 05 01 10 01 04 04 30 30 30 30 32 30 31 30 31 31 31 30 30 35 11 
03 03 01 08 01 05 CC C6 C8 FD C9 D9 22 
03 04 01 08 01 05 31 20 B8 DF BC B6 76 
03 05 01 10 01 05 04 30 30 30 30 32 30 31 30 31 31 31 30 30 36 13 
03 03 01 08 01 06 CC C6 C8 FD C9 D9 21 
03 04 01 08 01 06 31 20 B8 DF BC B6 75 
03 05 01 10 01 06 04 30 30 30 30 32 30 31 30 31 31 31 30 30 37 11 
03 03 01 08 01 07 CC C6 C8 FD C9 D9 20 
03 04 01 08 01 07 31 20 B8 DF BC B6 74 
03 05 01 10 01 07 04 30 30 30 30 32 30 31 30 31 31 31 30 30 38 1F 
03 03 01 08 01 08 CC C6 C8 FD C9 D9 2F 
03 04 01 08 01 08 31 20 B8 DF BC B6 7B 
03 05 01 10 01 08 04 30 30 30 30 32 30 31 30 31 31 31 30 30 39 11 
03 03 01 08 01 09 CC C6 C8 FD C9 D9 2E 
03 04 01 08 01 09 31 20 B8 DF BC B6 7A 
03 05 01 10 01 09 04 30 30 30 30 32 30 31 30 31 31 31 30 31 30 18 
03 03 01 08 01 10 CB EF CE F2 BF D5 6A 
03 04 01 08 01 10 33 20 B3 F5 BC B6 40 
03 05 01 10 01 10 04 30 30 30 30 32 30 31 30 31 31 31 30 30 33 03 
03 03 01 08 01 11 D5 C5 C8 FD B7 E1 6A 
03 04 01 08 01 11 31 20 D6 D0 BC B6 03 
03 05 01 10 01 11 04 30 30 30 30 32 30 31 30 31 31 31 30 30 32 03 